#B-vector scheme. Contains gradient directions and b-values
#g_x  g_y  g_z  |G| DELTA delta TE
VERSION: STEJSKALTANNER
0.000000   0.000000   0.000000   0.000000   0.030000   0.003000   0.047168
0.000000   0.000000   0.000000   0.000000   0.030000   0.003000   0.047168
0.000000   0.000000   0.000000   0.000000   0.030000   0.003000   0.047168
0.000000   0.000000   0.000000   0.000000   0.030000   0.003000   0.047168
0.049004   -0.919072   -0.391031   0.047146   0.030000   0.003000   0.047168
0.726145   0.301060   -0.618123   0.047140   0.030000   0.003000   0.047168
-0.683215   0.255080   -0.684216   0.047134   0.030000   0.003000   0.047168
0.844736   -0.501843   -0.185942   0.047164   0.030000   0.003000   0.047168
-0.730363   -0.619308   -0.288143   0.047126   0.030000   0.003000   0.047168
-0.050997   0.038998   0.997937   0.047152   0.030000   0.003000   0.047168
-0.018000   0.870980   -0.490989   0.047150   0.030000   0.003000   0.047168
-0.444182   0.494202   0.747306   0.047130   0.030000   0.003000   0.047168
-0.989508   -0.086044   -0.116060   0.047125   0.030000   0.003000   0.047168
-0.469820   -0.854673   0.220915   0.047167   0.030000   0.003000   0.047168
0.411896   0.399899   0.818793   0.047161   0.030000   0.003000   0.047168
-0.551974   0.789963   -0.266988   0.047152   0.030000   0.003000   0.047168
-0.122920   -0.476690   0.870435   0.047180   0.030000   0.003000   0.047168
-0.848388   0.141065   0.510233   0.047128   0.030000   0.003000   0.047168
-0.341108   -0.788249   -0.512162   0.047134   0.030000   0.003000   0.047168
0.361003   -0.529004   0.768005   0.047149   0.030000   0.003000   0.047168
-0.471991   0.849983   0.233995   0.047150   0.030000   0.003000   0.047168
-0.856078   -0.481044   0.189017   0.047145   0.030000   0.003000   0.047168
0.796929   0.161986   0.581948   0.047154   0.030000   0.003000   0.047168
0.467087   -0.009002   -0.884165   0.047141   0.030000   0.003000   0.047168
0.013004   0.998345   -0.056019   0.047133   0.030000   0.003000   0.047168
0.882449   -0.387197   0.267136   0.047125   0.030000   0.003000   0.047168
0.017001   -0.536021   -0.844033   0.047147   0.030000   0.003000   0.047168
-0.442032   -0.651048   0.617045   0.047146   0.030000   0.003000   0.047168
0.365068   -0.058011   0.929172   0.047141   0.030000   0.003000   0.047168
0.977042   -0.004000   -0.213009   0.047147   0.030000   0.003000   0.047168
-0.406109   -0.902241   -0.145039   0.047137   0.030000   0.003000   0.047168
-0.627136   0.614133   0.479104   0.047139   0.030000   0.003000   0.047168
-0.353985   0.771968   -0.527978   0.047151   0.030000   0.003000   0.047168
-0.658282   -0.472202   -0.586251   0.047129   0.030000   0.003000   0.047168
0.422995   0.321996   -0.846991   0.047150   0.030000   0.003000   0.047168
0.211964   -0.753870   -0.621893   0.047157   0.030000   0.003000   0.047168
0.911561   -0.103950   0.397808   0.047172   0.030000   0.003000   0.047168
-0.311084   0.947256   -0.077021   0.047137   0.030000   0.003000   0.047168
0.678884   0.631892   -0.373936   0.047157   0.030000   0.003000   0.047168
0.134958   -0.285911   0.948705   0.047164   0.030000   0.003000   0.047168
-0.646988   0.229996   0.726986   0.047150   0.030000   0.003000   0.047168
0.904095   0.397042   0.158017   0.047144   0.030000   0.003000   0.047168
-0.757293   0.647250   -0.087034   0.047131   0.030000   0.003000   0.047168
0.143014   0.284027   0.948091   0.047145   0.030000   0.003000   0.047168
0.233064   0.894246   -0.382105   0.047136   0.030000   0.003000   0.047168
0.663806   -0.530844   0.526846   0.047163   0.030000   0.003000   0.047168
0.157051   0.710233   0.686225   0.047134   0.030000   0.003000   0.047168
-0.894783   -0.213948   0.391905   0.047161   0.030000   0.003000   0.047168
0.593752   0.079967   0.800665   0.047169   0.030000   0.003000   0.047168
-0.005999   0.687843   -0.725835   0.047160   0.030000   0.003000   0.047168
0.665227   0.746255   0.024008   0.047133   0.030000   0.003000   0.047168
-0.277096   0.276096   0.920320   0.047133   0.030000   0.003000   0.047168
-0.962296   0.268083   0.046014   0.047135   0.030000   0.003000   0.047168
-0.133040   -0.970295   -0.202061   0.047135   0.030000   0.003000   0.047168
0.789745   -0.404869   -0.460851   0.047165   0.030000   0.003000   0.047168
-0.193968   -0.192968   0.961842   0.047157   0.030000   0.003000   0.047168
-0.235997   0.951988   0.194998   0.047150   0.030000   0.003000   0.047168
-0.884406   -0.272125   -0.379174   0.047128   0.030000   0.003000   0.047168
0.463190   -0.307126   0.831341   0.047130   0.030000   0.003000   0.047168
0.700043   0.066004   -0.711044   0.047146   0.030000   0.003000   0.047168
-0.200022   0.928102   -0.314035   0.047144   0.030000   0.003000   0.047168
0.549691   0.704603   0.448747   0.047176   0.030000   0.003000   0.047168
-0.669719   0.726696   0.152936   0.047169   0.030000   0.003000   0.047168
0.237006   0.722017   -0.650015   0.047148   0.030000   0.003000   0.047168
0.960384   0.260104   -0.100040   0.047130   0.030000   0.003000   0.047168
0.407137   -0.756254   -0.512172   0.047134   0.030000   0.003000   0.047168
-0.355122   -0.180062   -0.917315   0.047133   0.030000   0.003000   0.047168
-0.808782   0.323913   -0.490868   0.047162   0.030000   0.003000   0.047168
-0.280972   -0.954904   0.095990   0.047154   0.030000   0.003000   0.047168
0.592066   0.483054   -0.645072   0.047144   0.030000   0.003000   0.047168
0.381951   0.592925   0.708910   0.047155   0.030000   0.003000   0.047168
0.237066   -0.506140   -0.829230   0.047136   0.030000   0.003000   0.047168
-0.710831   0.624852   -0.322923   0.047161   0.030000   0.003000   0.047168
-0.146026   0.519093   -0.842151   0.047141   0.030000   0.003000   0.047168
0.926919   -0.242979   -0.285975   0.047153   0.030000   0.003000   0.047168
-0.809378   -0.587274   -0.004002   0.047127   0.030000   0.003000   0.047168
-0.976017   0.142002   -0.165003   0.047149   0.030000   0.003000   0.047168
-0.135013   -0.870087   -0.474047   0.047145   0.030000   0.003000   0.047168
0.274140   -0.048024   -0.960490   0.047125   0.030000   0.003000   0.047168
0.517814   -0.854693   0.036987   0.047166   0.030000   0.003000   0.047168
-0.482110   -0.767176   0.423097   0.047139   0.030000   0.003000   0.047168
0.750142   -0.039007   0.660125   0.047140   0.030000   0.003000   0.047168
0.142938   -0.047979   0.988568   0.047170   0.030000   0.003000   0.047168
0.632018   -0.434012   -0.642018   0.047148   0.030000   0.003000   0.047168
0.798790   0.428887   -0.421889   0.047162   0.030000   0.003000   0.047168
0.480123   -0.632162   0.608156   0.047137   0.030000   0.003000   0.047168
-0.546970   -0.798956   -0.249986   0.047152   0.030000   0.003000   0.047168
-0.616083   -0.310042   -0.724097   0.047143   0.030000   0.003000   0.047168
-0.028012   -0.962420   0.270118   0.047129   0.030000   0.003000   0.047168
-0.324095   -0.506149   0.799235   0.047135   0.030000   0.003000   0.047168
0.268019   -0.875062   -0.403029   0.047146   0.030000   0.003000   0.047168
0.843301   0.059021   -0.534191   0.047132   0.030000   0.003000   0.047168
-0.885833   0.461913   -0.043992   0.047158   0.030000   0.003000   0.047168
0.187001   0.489001   0.852003   0.047149   0.030000   0.003000   0.047168
0.184003   -0.746010   0.640009   0.047149   0.030000   0.003000   0.047168
0.792567   0.449754   0.411775   0.047175   0.030000   0.003000   0.047168
0.475127   -0.248066   -0.844226   0.047137   0.030000   0.003000   0.047168
0.661673   0.727640   -0.180911   0.047173   0.030000   0.003000   0.047168
0.942780   0.082981   0.322925   0.047160   0.030000   0.003000   0.047168
-0.045016   0.720256   0.692246   0.047133   0.030000   0.003000   0.047168
-0.554938   -0.189979   0.809909   0.047155   0.030000   0.003000   0.047168
0.385925   -0.867831   0.312939   0.047158   0.030000   0.003000   0.047168
-0.546886   0.124974   -0.827827   0.047159   0.030000   0.003000   0.047168
0.719019   -0.621017   -0.312008   0.047148   0.030000   0.003000   0.047168
0.060005   -0.991078   -0.119009   0.047146   0.030000   0.003000   0.047168
0.060976   -0.284887   -0.956620   0.047168   0.030000   0.003000   0.047168
-0.998427   0.032014   0.046020   0.047129   0.030000   0.003000   0.047168
-0.045984   -0.315893   0.947680   0.047165   0.030000   0.003000   0.047168
0.314884   0.894669   0.316883   0.047167   0.030000   0.003000   0.047168
0.569095   -0.436073   0.697116   0.047141   0.030000   0.003000   0.047168
-0.488901   -0.871823   0.029994   0.047159   0.030000   0.003000   0.047168
0.449978   -0.628969   -0.633969   0.047152   0.030000   0.003000   0.047168
-0.163890   -0.826444   0.538638   0.047181   0.030000   0.003000   0.047168
-0.915065   -0.403028   0.015001   0.047146   0.030000   0.003000   0.047168
0.925136   -0.021003   -0.379056   0.047142   0.030000   0.003000   0.047168
0.527235   0.591263   0.610272   0.047128   0.030000   0.003000   0.047168
-0.295920   0.317914   -0.900756   0.047162   0.030000   0.003000   0.047168
0.648015   -0.759017   0.063001   0.047148   0.030000   0.003000   0.047168
0.361085   0.157037   -0.919216   0.047138   0.030000   0.003000   0.047168
0.831820   -0.132971   0.538883   0.047160   0.030000   0.003000   0.047168
-0.150991   0.981941   -0.113993   0.047152   0.030000   0.003000   0.047168
-0.755884   0.268959   0.596909   0.047157   0.030000   0.003000   0.047168
0.619913   0.585918   -0.521927   0.047156   0.030000   0.003000   0.047168
-0.174997   -0.121998   -0.976981   0.047150   0.030000   0.003000   0.047168
0.558179   -0.705226   0.437140   0.047134   0.030000   0.003000   0.047168
0.537745   -0.758640   -0.367826   0.047172   0.030000   0.003000   0.047168
-0.759926   -0.324968   -0.562945   0.047154   0.030000   0.003000   0.047168
0.039995   -0.834906   -0.548938   0.047155   0.030000   0.003000   0.047168
0.910009   0.318003   -0.266003   0.047149   0.030000   0.003000   0.047168
-0.152017   -0.617069   0.772086   0.047144   0.030000   0.003000   0.047168
0.941383   -0.309126   0.135055   0.047130   0.030000   0.003000   0.047168
0.214901   0.975553   0.045979   0.047171   0.030000   0.003000   0.047168
-0.607968   0.068996   0.790958   0.047152   0.030000   0.003000   0.047168
0.499922   0.233964   0.833870   0.047157   0.030000   0.003000   0.047168
-0.813801   -0.553865   -0.175957   0.047161   0.030000   0.003000   0.047168
-0.192969   0.851863   -0.486922   0.047157   0.030000   0.003000   0.047168
-0.863777   0.401896   0.303922   0.047161   0.030000   0.003000   0.047168
-0.123060   0.417205   0.900442   0.047126   0.030000   0.003000   0.047168
0.789833   -0.479898   0.381919   0.047159   0.030000   0.003000   0.047168
0.572002   0.358001   -0.738003   0.047149   0.030000   0.003000   0.047168
-0.387098   0.917232   0.094024   0.047137   0.030000   0.003000   0.047168
0.315020   0.913057   -0.259016   0.047146   0.030000   0.003000   0.047168
0.954162   0.232039   0.189032   0.047141   0.030000   0.003000   0.047168
-0.016003   -0.139022   0.990160   0.047142   0.030000   0.003000   0.047168
-0.305898   -0.707763   -0.636787   0.047165   0.030000   0.003000   0.047168
-0.233888   0.628698   -0.741644   0.047172   0.030000   0.003000   0.047168
-0.269910   0.632790   0.725759   0.047165   0.030000   0.003000   0.047168
0.763748   0.605800   -0.222926   0.047165   0.030000   0.003000   0.047168
-0.791588   0.606684   0.072962   0.047174   0.030000   0.003000   0.047168
0.870935   0.057996   0.487964   0.047153   0.030000   0.003000   0.047168
0.345976   0.784946   -0.513965   0.047153   0.030000   0.003000   0.047168
0.444057   0.815104   0.372047   0.047143   0.030000   0.003000   0.047168
-0.812862   -0.210964   0.542908   0.047157   0.030000   0.003000   0.047168
-0.274004   -0.357005   -0.893012   0.047149   0.030000   0.003000   0.047168
-0.253043   -0.357061   0.899153   0.047141   0.030000   0.003000   0.047168
0.703011   -0.388006   0.596009   0.047149   0.030000   0.003000   0.047168
0.392119   -0.381115   -0.837254   0.047135   0.030000   0.003000   0.047168
-0.034000   0.965009   0.260002   0.047149   0.030000   0.003000   0.047168
0.972731   -0.167954   -0.159956   0.047162   0.030000   0.003000   0.047168
0.673120   0.592106   0.443079   0.047141   0.030000   0.003000   0.047168
-0.277941   0.167964   -0.945800   0.047159   0.030000   0.003000   0.047168
0.430095   -0.887196   0.167037   0.047139   0.030000   0.003000   0.047168
-0.756868   0.085985   0.647887   0.047158   0.030000   0.003000   0.047168
-0.667750   -0.724729   -0.169936   0.047167   0.030000   0.003000   0.047168
-0.691645   -0.128934   -0.710636   0.047174   0.030000   0.003000   0.047168
0.143958   0.972714   -0.181946   0.047163   0.030000   0.003000   0.047168
0.815259   -0.544173   0.198063   0.047134   0.030000   0.003000   0.047168
0.159005   -0.155005   -0.975034   0.047148   0.030000   0.003000   0.047168
-0.989037   -0.126005   0.077003   0.047148   0.030000   0.003000   0.047168
0.098015   0.614095   0.783122   0.047142   0.030000   0.003000   0.047168
-0.009996   -0.784716   0.619775   0.047166   0.030000   0.003000   0.047168
-0.697335   0.498240   0.515248   0.047127   0.030000   0.003000   0.047168
0.451815   0.525784   -0.720704   0.047169   0.030000   0.003000   0.047168
0.392803   -0.847575   -0.356821   0.047173   0.030000   0.003000   0.047168
-0.914472   0.238123   -0.327169   0.047125   0.030000   0.003000   0.047168
0.576847   0.759799   -0.299921   0.047162   0.030000   0.003000   0.047168
-0.472064   -0.028004   -0.881119   0.047143   0.030000   0.003000   0.047168
0.042980   -0.450794   0.891593   0.047171   0.030000   0.003000   0.047168
0.164959   0.924769   0.342914   0.047161   0.030000   0.003000   0.047168
0.522934   0.457942   0.718909   0.047155   0.030000   0.003000   0.047168
0.356093   -0.671176   0.650170   0.047137   0.030000   0.003000   0.047168
-0.722781   -0.438867   0.533838   0.047164   0.030000   0.003000   0.047168
0.562986   -0.818979   -0.110997   0.047151   0.030000   0.003000   0.047168
-0.393997   0.135999   0.908994   0.047150   0.030000   0.003000   0.047168
0.953759   0.141964   -0.264933   0.047161   0.030000   0.003000   0.047168
-0.579984   0.265993   -0.769978   0.047151   0.030000   0.003000   0.047168
0.916185   -0.379076   -0.130026   0.047140   0.030000   0.003000   0.047168
0.201915   -0.978587   -0.039983   0.047169   0.030000   0.003000   0.047168
0.866576   0.404802   0.291857   0.047172   0.030000   0.003000   0.047168
0.560117   -0.370078   -0.741155   0.047139   0.030000   0.003000   0.047168
-0.540180   -0.836279   -0.094031   0.047134   0.030000   0.003000   0.047168
-0.062032   0.928472   -0.366186   0.047125   0.030000   0.003000   0.047168
0.060991   0.405939   0.911863   0.047156   0.030000   0.003000   0.047168
0.194065   -0.837282   -0.511172   0.047133   0.030000   0.003000   0.047168
-0.970551   0.021990   -0.239889   0.047171   0.030000   0.003000   0.047168
0.289055   -0.440083   0.850161   0.047140   0.030000   0.003000   0.047168
-0.665003   -0.202001   0.719004   0.047149   0.030000   0.003000   0.047168
0.661903   -0.716895   0.218968   0.047156   0.030000   0.003000   0.047168
0.865534   -0.258861   -0.428769   0.047175   0.030000   0.003000   0.047168
0           0           0           0        0.03       0.003    0.047184
0           0           0           0        0.03       0.003    0.047184
0           0           0           0        0.03       0.003    0.047184
0           0           0           0        0.03       0.003    0.047184
0.049004    -0.91907    -0.39103      0.1008        0.03       0.003    0.047184
0.72615     0.30106    -0.61812     0.10078        0.03       0.003    0.047184
-0.68322     0.25508    -0.68422     0.10077        0.03       0.003    0.047184
0.84474    -0.50184    -0.18594     0.10084        0.03       0.003    0.047184
-0.73036    -0.61931    -0.28814     0.10075        0.03       0.003    0.047184
-0.050997    0.038998     0.99794     0.10081        0.03       0.003    0.047184
-0.018     0.87098    -0.49099     0.10081        0.03       0.003    0.047184
-0.44418      0.4942     0.74731     0.10076        0.03       0.003    0.047184
-0.98951   -0.086044    -0.11606     0.10075        0.03       0.003    0.047184
-0.46982    -0.85467     0.22092     0.10084        0.03       0.003    0.047184
0.4119      0.3999     0.81879     0.10083        0.03       0.003    0.047184
-0.55197     0.78996    -0.26699     0.10081        0.03       0.003    0.047184
-0.12292    -0.47669     0.87043     0.10087        0.03       0.003    0.047184
-0.84839     0.14106     0.51023     0.10076        0.03       0.003    0.047184
-0.34111    -0.78825    -0.51216     0.10077        0.03       0.003    0.047184
0.361      -0.529     0.76801      0.1008        0.03       0.003    0.047184
-0.47199     0.84998       0.234     0.10081        0.03       0.003    0.047184
-0.85608    -0.48104     0.18902      0.1008        0.03       0.003    0.047184
0.79693     0.16199     0.58195     0.10081        0.03       0.003    0.047184
0.46709   -0.009002    -0.88416     0.10079        0.03       0.003    0.047184
0.013004     0.99835   -0.056019     0.10077        0.03       0.003    0.047184
0.88245     -0.3872     0.26714     0.10075        0.03       0.003    0.047184
0.017001    -0.53602    -0.84403      0.1008        0.03       0.003    0.047184
-0.44203    -0.65105     0.61704      0.1008        0.03       0.003    0.047184
0.36507   -0.058011     0.92917     0.10079        0.03       0.003    0.047184
0.97704      -0.004    -0.21301      0.1008        0.03       0.003    0.047184
-0.40611    -0.90224    -0.14504     0.10078        0.03       0.003    0.047184
-0.62714     0.61413      0.4791     0.10078        0.03       0.003    0.047184
-0.35398     0.77197    -0.52798     0.10081        0.03       0.003    0.047184
-0.65828     -0.4722    -0.58625     0.10076        0.03       0.003    0.047184
0.423       0.322    -0.84699     0.10081        0.03       0.003    0.047184
0.21196    -0.75387    -0.62189     0.10082        0.03       0.003    0.047184
0.91156    -0.10395     0.39781     0.10085        0.03       0.003    0.047184
-0.31108     0.94726   -0.077021     0.10078        0.03       0.003    0.047184
0.67888     0.63189    -0.37394     0.10082        0.03       0.003    0.047184
0.13496    -0.28591     0.94871     0.10084        0.03       0.003    0.047184
-0.64699        0.23     0.72699     0.10081        0.03       0.003    0.047184
0.90409     0.39704     0.15802     0.10079        0.03       0.003    0.047184
-0.75729     0.64725   -0.087034     0.10077        0.03       0.003    0.047184
0.14301     0.28403     0.94809     0.10079        0.03       0.003    0.047184
0.23306     0.89425     -0.3821     0.10078        0.03       0.003    0.047184
0.66381    -0.53084     0.52685     0.10083        0.03       0.003    0.047184
0.15705     0.71023     0.68622     0.10077        0.03       0.003    0.047184
-0.89478    -0.21395     0.39191     0.10083        0.03       0.003    0.047184
0.59375    0.079967     0.80066     0.10085        0.03       0.003    0.047184
-0.005999     0.68784    -0.72584     0.10083        0.03       0.003    0.047184
0.66523     0.74626    0.024008     0.10077        0.03       0.003    0.047184
-0.2771      0.2761     0.92032     0.10077        0.03       0.003    0.047184
-0.9623     0.26808    0.046014     0.10077        0.03       0.003    0.047184
-0.13304     -0.9703    -0.20206     0.10077        0.03       0.003    0.047184
0.78975    -0.40487    -0.46085     0.10084        0.03       0.003    0.047184
-0.19397    -0.19297     0.96184     0.10082        0.03       0.003    0.047184
-0.236     0.95199       0.195     0.10081        0.03       0.003    0.047184
-0.88441    -0.27213    -0.37917     0.10076        0.03       0.003    0.047184
0.46319    -0.30713     0.83134     0.10076        0.03       0.003    0.047184
0.70004    0.066004    -0.71104      0.1008        0.03       0.003    0.047184
-0.20002      0.9281    -0.31404     0.10079        0.03       0.003    0.047184
0.54969      0.7046     0.44875     0.10086        0.03       0.003    0.047184
-0.66972      0.7267     0.15294     0.10085        0.03       0.003    0.047184
0.23701     0.72202    -0.65002      0.1008        0.03       0.003    0.047184
0.96038      0.2601    -0.10004     0.10076        0.03       0.003    0.047184
0.40714    -0.75625    -0.51217     0.10077        0.03       0.003    0.047184
-0.35512    -0.18006    -0.91731     0.10077        0.03       0.003    0.047184
-0.80878     0.32391    -0.49087     0.10083        0.03       0.003    0.047184
-0.28097     -0.9549     0.09599     0.10082        0.03       0.003    0.047184
0.59207     0.48305    -0.64507     0.10079        0.03       0.003    0.047184
0.38195     0.59293     0.70891     0.10082        0.03       0.003    0.047184
0.23707    -0.50614    -0.82923     0.10078        0.03       0.003    0.047184
-0.71083     0.62485    -0.32292     0.10083        0.03       0.003    0.047184
-0.14603     0.51909    -0.84215     0.10079        0.03       0.003    0.047184
0.92692    -0.24298    -0.28597     0.10081        0.03       0.003    0.047184
-0.80938    -0.58727   -0.004002     0.10076        0.03       0.003    0.047184
-0.97602       0.142      -0.165      0.1008        0.03       0.003    0.047184
-0.13501    -0.87009    -0.47405     0.10079        0.03       0.003    0.047184
0.27414   -0.048024    -0.96049     0.10075        0.03       0.003    0.047184
0.51781    -0.85469    0.036987     0.10084        0.03       0.003    0.047184
-0.48211    -0.76718      0.4231     0.10078        0.03       0.003    0.047184
0.75014   -0.039007     0.66012     0.10079        0.03       0.003    0.047184
0.14294   -0.047979     0.98857     0.10085        0.03       0.003    0.047184
0.63202    -0.43401    -0.64202      0.1008        0.03       0.003    0.047184
0.79879     0.42889    -0.42189     0.10083        0.03       0.003    0.047184
0.48012    -0.63216     0.60816     0.10078        0.03       0.003    0.047184
-0.54697    -0.79896    -0.24999     0.10081        0.03       0.003    0.047184
-0.61608    -0.31004     -0.7241     0.10079        0.03       0.003    0.047184
-0.028012    -0.96242     0.27012     0.10076        0.03       0.003    0.047184
-0.3241    -0.50615     0.79924     0.10078        0.03       0.003    0.047184
0.26802    -0.87506    -0.40303      0.1008        0.03       0.003    0.047184
0.8433    0.059021    -0.53419     0.10077        0.03       0.003    0.047184
-0.88583     0.46191   -0.043992     0.10082        0.03       0.003    0.047184
0.187       0.489       0.852      0.1008        0.03       0.003    0.047184
0.184    -0.74601     0.64001      0.1008        0.03       0.003    0.047184
0.79257     0.44975     0.41178     0.10086        0.03       0.003    0.047184
0.47513    -0.24807    -0.84423     0.10078        0.03       0.003    0.047184
0.66167     0.72764    -0.18091     0.10086        0.03       0.003    0.047184
0.94278    0.082981     0.32293     0.10083        0.03       0.003    0.047184
-0.045016     0.72026     0.69225     0.10077        0.03       0.003    0.047184
-0.55494    -0.18998     0.80991     0.10082        0.03       0.003    0.047184
0.38593    -0.86783     0.31294     0.10082        0.03       0.003    0.047184
-0.54689     0.12497    -0.82783     0.10083        0.03       0.003    0.047184
0.71902    -0.62102    -0.31201      0.1008        0.03       0.003    0.047184
0.060005    -0.99108    -0.11901      0.1008        0.03       0.003    0.047184
0.060976    -0.28489    -0.95662     0.10085        0.03       0.003    0.047184
-0.99843    0.032014     0.04602     0.10076        0.03       0.003    0.047184
-0.045984    -0.31589     0.94768     0.10084        0.03       0.003    0.047184
0.31488     0.89467     0.31688     0.10084        0.03       0.003    0.047184
0.5691    -0.43607     0.69712     0.10079        0.03       0.003    0.047184
-0.4889    -0.87182    0.029994     0.10082        0.03       0.003    0.047184
0.44998    -0.62897    -0.63397     0.10081        0.03       0.003    0.047184
-0.16389    -0.82644     0.53864     0.10087        0.03       0.003    0.047184
-0.91507    -0.40303    0.015001      0.1008        0.03       0.003    0.047184
0.92514   -0.021003    -0.37906     0.10079        0.03       0.003    0.047184
0.52724     0.59126     0.61027     0.10076        0.03       0.003    0.047184
-0.29592     0.31791    -0.90076     0.10083        0.03       0.003    0.047184
0.64802    -0.75902    0.063001      0.1008        0.03       0.003    0.047184
0.36108     0.15704    -0.91922     0.10078        0.03       0.003    0.047184
0.83182    -0.13297     0.53888     0.10083        0.03       0.003    0.047184
-0.15099     0.98194    -0.11399     0.10081        0.03       0.003    0.047184
-0.75588     0.26896     0.59691     0.10082        0.03       0.003    0.047184
0.61991     0.58592    -0.52193     0.10082        0.03       0.003    0.047184
-0.175      -0.122    -0.97698     0.10081        0.03       0.003    0.047184
0.55818    -0.70523     0.43714     0.10077        0.03       0.003    0.047184
0.53775    -0.75864    -0.36783     0.10085        0.03       0.003    0.047184
-0.75993    -0.32497    -0.56295     0.10082        0.03       0.003    0.047184
0.039995    -0.83491    -0.54894     0.10082        0.03       0.003    0.047184
0.91001       0.318      -0.266      0.1008        0.03       0.003    0.047184
-0.15202    -0.61707     0.77209     0.10079        0.03       0.003    0.047184
0.94138    -0.30913     0.13506     0.10076        0.03       0.003    0.047184
0.2149     0.97555    0.045979     0.10085        0.03       0.003    0.047184
-0.60797    0.068996     0.79096     0.10081        0.03       0.003    0.047184
0.49992     0.23396     0.83387     0.10082        0.03       0.003    0.047184
-0.8138    -0.55387    -0.17596     0.10083        0.03       0.003    0.047184
-0.19297     0.85186    -0.48692     0.10082        0.03       0.003    0.047184
-0.86378      0.4019     0.30392     0.10083        0.03       0.003    0.047184
-0.12306      0.4172     0.90044     0.10075        0.03       0.003    0.047184
0.78983     -0.4799     0.38192     0.10083        0.03       0.003    0.047184
0.572       0.358      -0.738      0.1008        0.03       0.003    0.047184
-0.3871     0.91723    0.094024     0.10078        0.03       0.003    0.047184
0.31502     0.91306    -0.25902      0.1008        0.03       0.003    0.047184
0.95416     0.23204     0.18903     0.10079        0.03       0.003    0.047184
-0.016003    -0.13902     0.99016     0.10079        0.03       0.003    0.047184
-0.3059    -0.70776    -0.63679     0.10084        0.03       0.003    0.047184
-0.23389      0.6287    -0.74164     0.10085        0.03       0.003    0.047184
-0.26991     0.63279     0.72576     0.10084        0.03       0.003    0.047184
0.76375      0.6058    -0.22293     0.10084        0.03       0.003    0.047184
-0.79159     0.60668    0.072962     0.10086        0.03       0.003    0.047184
0.87094    0.057996     0.48796     0.10081        0.03       0.003    0.047184
0.34598     0.78495    -0.51397     0.10081        0.03       0.003    0.047184
0.44406      0.8151     0.37205     0.10079        0.03       0.003    0.047184
-0.81286    -0.21096     0.54291     0.10082        0.03       0.003    0.047184
-0.274    -0.35701    -0.89301      0.1008        0.03       0.003    0.047184
-0.25304    -0.35706     0.89915     0.10079        0.03       0.003    0.047184
0.70301    -0.38801     0.59601      0.1008        0.03       0.003    0.047184
0.39212    -0.38111    -0.83725     0.10077        0.03       0.003    0.047184
-0.034     0.96501        0.26      0.1008        0.03       0.003    0.047184
0.97273    -0.16795    -0.15996     0.10083        0.03       0.003    0.047184
0.67312     0.59211     0.44308     0.10079        0.03       0.003    0.047184
-0.27794     0.16796     -0.9458     0.10083        0.03       0.003    0.047184
0.4301     -0.8872     0.16704     0.10078        0.03       0.003    0.047184
-0.75687    0.085985     0.64789     0.10082        0.03       0.003    0.047184
-0.66775    -0.72473    -0.16994     0.10084        0.03       0.003    0.047184
-0.69164    -0.12893    -0.71064     0.10086        0.03       0.003    0.047184
0.14396     0.97271    -0.18195     0.10083        0.03       0.003    0.047184
0.81526    -0.54417     0.19806     0.10077        0.03       0.003    0.047184
0.15901    -0.15501    -0.97503      0.1008        0.03       0.003    0.047184
-0.98904    -0.12601    0.077003      0.1008        0.03       0.003    0.047184
0.098015     0.61409     0.78312     0.10079        0.03       0.003    0.047184
-0.009996    -0.78472     0.61977     0.10084        0.03       0.003    0.047184
-0.69734     0.49824     0.51525     0.10076        0.03       0.003    0.047184
0.45182     0.52578     -0.7207     0.10085        0.03       0.003    0.047184
0.3928    -0.84757    -0.35682     0.10086        0.03       0.003    0.047184
-0.91447     0.23812    -0.32717     0.10075        0.03       0.003    0.047184
0.57685      0.7598    -0.29992     0.10083        0.03       0.003    0.047184
-0.47206   -0.028004    -0.88112     0.10079        0.03       0.003    0.047184
0.04298    -0.45079     0.89159     0.10085        0.03       0.003    0.047184
0.16496     0.92477     0.34291     0.10083        0.03       0.003    0.047184
0.52293     0.45794     0.71891     0.10082        0.03       0.003    0.047184
0.35609    -0.67118     0.65017     0.10078        0.03       0.003    0.047184
-0.72278    -0.43887     0.53384     0.10083        0.03       0.003    0.047184
0.56299    -0.81898      -0.111     0.10081        0.03       0.003    0.047184
-0.394       0.136     0.90899     0.10081        0.03       0.003    0.047184
0.95376     0.14196    -0.26493     0.10083        0.03       0.003    0.047184
-0.57998     0.26599    -0.76998     0.10081        0.03       0.003    0.047184
0.91619    -0.37908    -0.13003     0.10078        0.03       0.003    0.047184
0.20192    -0.97859   -0.039983     0.10085        0.03       0.003    0.047184
0.86658      0.4048     0.29186     0.10085        0.03       0.003    0.047184
0.56012    -0.37008    -0.74116     0.10078        0.03       0.003    0.047184
-0.54018    -0.83628   -0.094031     0.10077        0.03       0.003    0.047184
-0.062032     0.92847    -0.36619     0.10075        0.03       0.003    0.047184
0.060991     0.40594     0.91186     0.10082        0.03       0.003    0.047184
0.19406    -0.83728    -0.51117     0.10077        0.03       0.003    0.047184
-0.97055     0.02199    -0.23989     0.10085        0.03       0.003    0.047184
0.28906    -0.44008     0.85016     0.10079        0.03       0.003    0.047184
-0.665      -0.202       0.719      0.1008        0.03       0.003    0.047184
0.6619    -0.71689     0.21897     0.10082        0.03       0.003    0.047184
0.86553    -0.25886    -0.42877     0.10086        0.03       0.003    0.047184
0           0           0           0        0.03       0.003    0.047224
0           0           0           0        0.03       0.003    0.047224
0           0           0           0        0.03       0.003    0.047224
0           0           0           0        0.03       0.003    0.047224
0.049004    -0.91907    -0.39103     0.29998        0.03       0.003    0.047224
0.72615     0.30106    -0.61812     0.29994        0.03       0.003    0.047224
-0.68322     0.25508    -0.68422      0.2999        0.03       0.003    0.047224
0.84474    -0.50184    -0.18594     0.30009        0.03       0.003    0.047224
-0.73036    -0.61931    -0.28814     0.29985        0.03       0.003    0.047224
-0.050997    0.038998     0.99794     0.30002        0.03       0.003    0.047224
-0.018     0.87098    -0.49099     0.30001        0.03       0.003    0.047224
-0.44418      0.4942     0.74731     0.29988        0.03       0.003    0.047224
-0.98951   -0.086044    -0.11606     0.29985        0.03       0.003    0.047224
-0.46982    -0.85467     0.22092     0.30012        0.03       0.003    0.047224
0.4119      0.3999     0.81879     0.30008        0.03       0.003    0.047224
-0.55197     0.78996    -0.26699     0.30001        0.03       0.003    0.047224
-0.12292    -0.47669     0.87043     0.30019        0.03       0.003    0.047224
-0.84839     0.14106     0.51023     0.29986        0.03       0.003    0.047224
-0.34111    -0.78825    -0.51216      0.2999        0.03       0.003    0.047224
0.361      -0.529     0.76801         0.3        0.03       0.003    0.047224
-0.47199     0.84998       0.234     0.30001        0.03       0.003    0.047224
-0.85608    -0.48104     0.18902     0.29997        0.03       0.003    0.047224
0.79693     0.16199     0.58195     0.30003        0.03       0.003    0.047224
0.46709   -0.009002    -0.88416     0.29994        0.03       0.003    0.047224
0.013004     0.99835   -0.056019      0.2999        0.03       0.003    0.047224
0.88245     -0.3872     0.26714     0.29985        0.03       0.003    0.047224
0.017001    -0.53602    -0.84403     0.29999        0.03       0.003    0.047224
-0.44203    -0.65105     0.61704     0.29998        0.03       0.003    0.047224
0.36507   -0.058011     0.92917     0.29994        0.03       0.003    0.047224
0.97704      -0.004    -0.21301     0.29999        0.03       0.003    0.047224
-0.40611    -0.90224    -0.14504     0.29992        0.03       0.003    0.047224
-0.62714     0.61413      0.4791     0.29994        0.03       0.003    0.047224
-0.35398     0.77197    -0.52798     0.30001        0.03       0.003    0.047224
-0.65828     -0.4722    -0.58625     0.29987        0.03       0.003    0.047224
0.423       0.322    -0.84699         0.3        0.03       0.003    0.047224
0.21196    -0.75387    -0.62189     0.30005        0.03       0.003    0.047224
0.91156    -0.10395     0.39781     0.30014        0.03       0.003    0.047224
-0.31108     0.94726   -0.077021     0.29992        0.03       0.003    0.047224
0.67888     0.63189    -0.37394     0.30005        0.03       0.003    0.047224
0.13496    -0.28591     0.94871     0.30009        0.03       0.003    0.047224
-0.64699        0.23     0.72699     0.30001        0.03       0.003    0.047224
0.90409     0.39704     0.15802     0.29997        0.03       0.003    0.047224
-0.75729     0.64725   -0.087034     0.29988        0.03       0.003    0.047224
0.14301     0.28403     0.94809     0.29997        0.03       0.003    0.047224
0.23306     0.89425     -0.3821     0.29992        0.03       0.003    0.047224
0.66381    -0.53084     0.52685     0.30009        0.03       0.003    0.047224
0.15705     0.71023     0.68622      0.2999        0.03       0.003    0.047224
-0.89478    -0.21395     0.39191     0.30007        0.03       0.003    0.047224
0.59375    0.079967     0.80066     0.30013        0.03       0.003    0.047224
-0.005999     0.68784    -0.72584     0.30007        0.03       0.003    0.047224
0.66523     0.74626    0.024008      0.2999        0.03       0.003    0.047224
-0.2771      0.2761     0.92032      0.2999        0.03       0.003    0.047224
-0.9623     0.26808    0.046014     0.29991        0.03       0.003    0.047224
-0.13304     -0.9703    -0.20206     0.29991        0.03       0.003    0.047224
0.78975    -0.40487    -0.46085      0.3001        0.03       0.003    0.047224
-0.19397    -0.19297     0.96184     0.30005        0.03       0.003    0.047224
-0.236     0.95199       0.195         0.3        0.03       0.003    0.047224
-0.88441    -0.27213    -0.37917     0.29986        0.03       0.003    0.047224
0.46319    -0.30713     0.83134     0.29988        0.03       0.003    0.047224
0.70004    0.066004    -0.71104     0.29998        0.03       0.003    0.047224
-0.20002      0.9281    -0.31404     0.29997        0.03       0.003    0.047224
0.54969      0.7046     0.44875     0.30017        0.03       0.003    0.047224
-0.66972      0.7267     0.15294     0.30013        0.03       0.003    0.047224
0.23701     0.72202    -0.65002     0.29999        0.03       0.003    0.047224
0.96038      0.2601    -0.10004     0.29988        0.03       0.003    0.047224
0.40714    -0.75625    -0.51217      0.2999        0.03       0.003    0.047224
-0.35512    -0.18006    -0.91731      0.2999        0.03       0.003    0.047224
-0.80878     0.32391    -0.49087     0.30008        0.03       0.003    0.047224
-0.28097     -0.9549     0.09599     0.30003        0.03       0.003    0.047224
0.59207     0.48305    -0.64507     0.29997        0.03       0.003    0.047224
0.38195     0.59293     0.70891     0.30004        0.03       0.003    0.047224
0.23707    -0.50614    -0.82923     0.29992        0.03       0.003    0.047224
-0.71083     0.62485    -0.32292     0.30007        0.03       0.003    0.047224
-0.14603     0.51909    -0.84215     0.29995        0.03       0.003    0.047224
0.92692    -0.24298    -0.28597     0.30003        0.03       0.003    0.047224
-0.80938    -0.58727   -0.004002     0.29986        0.03       0.003    0.047224
-0.97602       0.142      -0.165         0.3        0.03       0.003    0.047224
-0.13501    -0.87009    -0.47405     0.29997        0.03       0.003    0.047224
0.27414   -0.048024    -0.96049     0.29985        0.03       0.003    0.047224
0.51781    -0.85469    0.036987     0.30011        0.03       0.003    0.047224
-0.48211    -0.76718      0.4231     0.29993        0.03       0.003    0.047224
0.75014   -0.039007     0.66012     0.29994        0.03       0.003    0.047224
0.14294   -0.047979     0.98857     0.30013        0.03       0.003    0.047224
0.63202    -0.43401    -0.64202     0.29999        0.03       0.003    0.047224
0.79879     0.42889    -0.42189     0.30008        0.03       0.003    0.047224
0.48012    -0.63216     0.60816     0.29992        0.03       0.003    0.047224
-0.54697    -0.79896    -0.24999     0.30002        0.03       0.003    0.047224
-0.61608    -0.31004     -0.7241     0.29996        0.03       0.003    0.047224
-0.028012    -0.96242     0.27012     0.29987        0.03       0.003    0.047224
-0.3241    -0.50615     0.79924     0.29991        0.03       0.003    0.047224
0.26802    -0.87506    -0.40303     0.29998        0.03       0.003    0.047224
0.8433    0.059021    -0.53419     0.29989        0.03       0.003    0.047224
-0.88583     0.46191   -0.043992     0.30006        0.03       0.003    0.047224
0.187       0.489       0.852         0.3        0.03       0.003    0.047224
0.184    -0.74601     0.64001         0.3        0.03       0.003    0.047224
0.79257     0.44975     0.41178     0.30016        0.03       0.003    0.047224
0.47513    -0.24807    -0.84423     0.29992        0.03       0.003    0.047224
0.66167     0.72764    -0.18091     0.30015        0.03       0.003    0.047224
0.94278    0.082981     0.32293     0.30007        0.03       0.003    0.047224
-0.045016     0.72026     0.69225     0.29989        0.03       0.003    0.047224
-0.55494    -0.18998     0.80991     0.30003        0.03       0.003    0.047224
0.38593    -0.86783     0.31294     0.30006        0.03       0.003    0.047224
-0.54689     0.12497    -0.82783     0.30006        0.03       0.003    0.047224
0.71902    -0.62102    -0.31201     0.29999        0.03       0.003    0.047224
0.060005    -0.99108    -0.11901     0.29998        0.03       0.003    0.047224
0.060976    -0.28489    -0.95662     0.30012        0.03       0.003    0.047224
-0.99843    0.032014     0.04602     0.29987        0.03       0.003    0.047224
-0.045984    -0.31589     0.94768      0.3001        0.03       0.003    0.047224
0.31488     0.89467     0.31688     0.30011        0.03       0.003    0.047224
0.5691    -0.43607     0.69712     0.29995        0.03       0.003    0.047224
-0.4889    -0.87182    0.029994     0.30006        0.03       0.003    0.047224
0.44998    -0.62897    -0.63397     0.30001        0.03       0.003    0.047224
-0.16389    -0.82644     0.53864      0.3002        0.03       0.003    0.047224
-0.91507    -0.40303    0.015001     0.29998        0.03       0.003    0.047224
0.92514   -0.021003    -0.37906     0.29996        0.03       0.003    0.047224
0.52724     0.59126     0.61027     0.29987        0.03       0.003    0.047224
-0.29592     0.31791    -0.90076     0.30008        0.03       0.003    0.047224
0.64802    -0.75902    0.063001     0.29999        0.03       0.003    0.047224
0.36108     0.15704    -0.91922     0.29993        0.03       0.003    0.047224
0.83182    -0.13297     0.53888     0.30007        0.03       0.003    0.047224
-0.15099     0.98194    -0.11399     0.30002        0.03       0.003    0.047224
-0.75588     0.26896     0.59691     0.30005        0.03       0.003    0.047224
0.61991     0.58592    -0.52193     0.30004        0.03       0.003    0.047224
-0.175      -0.122    -0.97698     0.30001        0.03       0.003    0.047224
0.55818    -0.70523     0.43714      0.2999        0.03       0.003    0.047224
0.53775    -0.75864    -0.36783     0.30014        0.03       0.003    0.047224
-0.75993    -0.32497    -0.56295     0.30003        0.03       0.003    0.047224
0.039995    -0.83491    -0.54894     0.30003        0.03       0.003    0.047224
0.91001       0.318      -0.266         0.3        0.03       0.003    0.047224
-0.15202    -0.61707     0.77209     0.29997        0.03       0.003    0.047224
0.94138    -0.30913     0.13506     0.29988        0.03       0.003    0.047224
0.2149     0.97555    0.045979     0.30014        0.03       0.003    0.047224
-0.60797    0.068996     0.79096     0.30002        0.03       0.003    0.047224
0.49992     0.23396     0.83387     0.30005        0.03       0.003    0.047224
-0.8138    -0.55387    -0.17596     0.30007        0.03       0.003    0.047224
-0.19297     0.85186    -0.48692     0.30005        0.03       0.003    0.047224
-0.86378      0.4019     0.30392     0.30008        0.03       0.003    0.047224
-0.12306      0.4172     0.90044     0.29985        0.03       0.003    0.047224
0.78983     -0.4799     0.38192     0.30006        0.03       0.003    0.047224
0.572       0.358      -0.738         0.3        0.03       0.003    0.047224
-0.3871     0.91723    0.094024     0.29992        0.03       0.003    0.047224
0.31502     0.91306    -0.25902     0.29998        0.03       0.003    0.047224
0.95416     0.23204     0.18903     0.29995        0.03       0.003    0.047224
-0.016003    -0.13902     0.99016     0.29995        0.03       0.003    0.047224
-0.3059    -0.70776    -0.63679      0.3001        0.03       0.003    0.047224
-0.23389      0.6287    -0.74164     0.30014        0.03       0.003    0.047224
-0.26991     0.63279     0.72576      0.3001        0.03       0.003    0.047224
0.76375      0.6058    -0.22293      0.3001        0.03       0.003    0.047224
-0.79159     0.60668    0.072962     0.30016        0.03       0.003    0.047224
0.87094    0.057996     0.48796     0.30002        0.03       0.003    0.047224
0.34598     0.78495    -0.51397     0.30002        0.03       0.003    0.047224
0.44406      0.8151     0.37205     0.29996        0.03       0.003    0.047224
-0.81286    -0.21096     0.54291     0.30005        0.03       0.003    0.047224
-0.274    -0.35701    -0.89301         0.3        0.03       0.003    0.047224
-0.25304    -0.35706     0.89915     0.29995        0.03       0.003    0.047224
0.70301    -0.38801     0.59601         0.3        0.03       0.003    0.047224
0.39212    -0.38111    -0.83725     0.29991        0.03       0.003    0.047224
-0.034     0.96501        0.26         0.3        0.03       0.003    0.047224
0.97273    -0.16795    -0.15996     0.30008        0.03       0.003    0.047224
0.67312     0.59211     0.44308     0.29995        0.03       0.003    0.047224
-0.27794     0.16796     -0.9458     0.30006        0.03       0.003    0.047224
0.4301     -0.8872     0.16704     0.29993        0.03       0.003    0.047224
-0.75687    0.085985     0.64789     0.30005        0.03       0.003    0.047224
-0.66775    -0.72473    -0.16994     0.30011        0.03       0.003    0.047224
-0.69164    -0.12893    -0.71064     0.30015        0.03       0.003    0.047224
0.14396     0.97271    -0.18195     0.30009        0.03       0.003    0.047224
0.81526    -0.54417     0.19806      0.2999        0.03       0.003    0.047224
0.15901    -0.15501    -0.97503     0.29999        0.03       0.003    0.047224
-0.98904    -0.12601    0.077003     0.29999        0.03       0.003    0.047224
0.098015     0.61409     0.78312     0.29995        0.03       0.003    0.047224
-0.009996    -0.78472     0.61977     0.30011        0.03       0.003    0.047224
-0.69734     0.49824     0.51525     0.29986        0.03       0.003    0.047224
0.45182     0.52578     -0.7207     0.30012        0.03       0.003    0.047224
0.3928    -0.84757    -0.35682     0.30015        0.03       0.003    0.047224
-0.91447     0.23812    -0.32717     0.29984        0.03       0.003    0.047224
0.57685      0.7598    -0.29992     0.30008        0.03       0.003    0.047224
-0.47206   -0.028004    -0.88112     0.29996        0.03       0.003    0.047224
0.04298    -0.45079     0.89159     0.30014        0.03       0.003    0.047224
0.16496     0.92477     0.34291     0.30007        0.03       0.003    0.047224
0.52293     0.45794     0.71891     0.30004        0.03       0.003    0.047224
0.35609    -0.67118     0.65017     0.29992        0.03       0.003    0.047224
-0.72278    -0.43887     0.53384     0.30009        0.03       0.003    0.047224
0.56299    -0.81898      -0.111     0.30001        0.03       0.003    0.047224
-0.394       0.136     0.90899         0.3        0.03       0.003    0.047224
0.95376     0.14196    -0.26493     0.30008        0.03       0.003    0.047224
-0.57998     0.26599    -0.76998     0.30001        0.03       0.003    0.047224
0.91619    -0.37908    -0.13003     0.29994        0.03       0.003    0.047224
0.20192    -0.97859   -0.039983     0.30013        0.03       0.003    0.047224
0.86658      0.4048     0.29186     0.30015        0.03       0.003    0.047224
0.56012    -0.37008    -0.74116     0.29994        0.03       0.003    0.047224
-0.54018    -0.83628   -0.094031      0.2999        0.03       0.003    0.047224
-0.062032     0.92847    -0.36619     0.29985        0.03       0.003    0.047224
0.060991     0.40594     0.91186     0.30005        0.03       0.003    0.047224
0.19406    -0.83728    -0.51117      0.2999        0.03       0.003    0.047224
-0.97055     0.02199    -0.23989     0.30014        0.03       0.003    0.047224
0.28906    -0.44008     0.85016     0.29994        0.03       0.003    0.047224
-0.665      -0.202       0.719         0.3        0.03       0.003    0.047224
0.6619    -0.71689     0.21897     0.30004        0.03       0.003    0.047224
0.86553    -0.25886    -0.42877     0.30016        0.03       0.003    0.047224
0           0           0           0        0.03       0.003    0.047288
0           0           0           0        0.03       0.003    0.047288
0           0           0           0        0.03       0.003    0.047288
0           0           0           0        0.03       0.003    0.047288
0.049004    -0.91907    -0.39103     0.59995        0.03       0.003    0.047288
0.72615     0.30106    -0.61812     0.59988        0.03       0.003    0.047288
-0.68322     0.25508    -0.68422     0.59981        0.03       0.003    0.047288
0.84474    -0.50184    -0.18594     0.60019        0.03       0.003    0.047288
-0.73036    -0.61931    -0.28814      0.5997        0.03       0.003    0.047288
-0.050997    0.038998     0.99794     0.60004        0.03       0.003    0.047288
-0.018     0.87098    -0.49099     0.60001        0.03       0.003    0.047288
-0.44418      0.4942     0.74731     0.59975        0.03       0.003    0.047288
-0.98951   -0.086044    -0.11606     0.59969        0.03       0.003    0.047288
-0.46982    -0.85467     0.22092     0.60023        0.03       0.003    0.047288
0.4119      0.3999     0.81879     0.60015        0.03       0.003    0.047288
-0.55197     0.78996    -0.26699     0.60003        0.03       0.003    0.047288
-0.12292    -0.47669     0.87043     0.60039        0.03       0.003    0.047288
-0.84839     0.14106     0.51023     0.59972        0.03       0.003    0.047288
-0.34111    -0.78825    -0.51216     0.59981        0.03       0.003    0.047288
0.361      -0.529     0.76801         0.6        0.03       0.003    0.047288
-0.47199     0.84998       0.234     0.60001        0.03       0.003    0.047288
-0.85608    -0.48104     0.18902     0.59994        0.03       0.003    0.047288
0.79693     0.16199     0.58195     0.60005        0.03       0.003    0.047288
0.46709   -0.009002    -0.88416     0.59989        0.03       0.003    0.047288
0.013004     0.99835   -0.056019     0.59979        0.03       0.003    0.047288
0.88245     -0.3872     0.26714     0.59969        0.03       0.003    0.047288
0.017001    -0.53602    -0.84403     0.59998        0.03       0.003    0.047288
-0.44203    -0.65105     0.61704     0.59996        0.03       0.003    0.047288
0.36507   -0.058011     0.92917     0.59989        0.03       0.003    0.047288
0.97704      -0.004    -0.21301     0.59997        0.03       0.003    0.047288
-0.40611    -0.90224    -0.14504     0.59984        0.03       0.003    0.047288
-0.62714     0.61413      0.4791     0.59987        0.03       0.003    0.047288
-0.35398     0.77197    -0.52798     0.60003        0.03       0.003    0.047288
-0.65828     -0.4722    -0.58625     0.59974        0.03       0.003    0.047288
0.423       0.322    -0.84699     0.60001        0.03       0.003    0.047288
0.21196    -0.75387    -0.62189      0.6001        0.03       0.003    0.047288
0.91156    -0.10395     0.39781     0.60029        0.03       0.003    0.047288
-0.31108     0.94726   -0.077021     0.59984        0.03       0.003    0.047288
0.67888     0.63189    -0.37394      0.6001        0.03       0.003    0.047288
0.13496    -0.28591     0.94871     0.60019        0.03       0.003    0.047288
-0.64699        0.23     0.72699     0.60001        0.03       0.003    0.047288
0.90409     0.39704     0.15802     0.59994        0.03       0.003    0.047288
-0.75729     0.64725   -0.087034     0.59977        0.03       0.003    0.047288
0.14301     0.28403     0.94809     0.59994        0.03       0.003    0.047288
0.23306     0.89425     -0.3821     0.59984        0.03       0.003    0.047288
0.66381    -0.53084     0.52685     0.60018        0.03       0.003    0.047288
0.15705     0.71023     0.68622      0.5998        0.03       0.003    0.047288
-0.89478    -0.21395     0.39191     0.60015        0.03       0.003    0.047288
0.59375    0.079967     0.80066     0.60025        0.03       0.003    0.047288
-0.005999     0.68784    -0.72584     0.60014        0.03       0.003    0.047288
0.66523     0.74626    0.024008     0.59979        0.03       0.003    0.047288
-0.2771      0.2761     0.92032     0.59979        0.03       0.003    0.047288
-0.9623     0.26808    0.046014     0.59981        0.03       0.003    0.047288
-0.13304     -0.9703    -0.20206     0.59982        0.03       0.003    0.047288
0.78975    -0.40487    -0.46085     0.60019        0.03       0.003    0.047288
-0.19397    -0.19297     0.96184      0.6001        0.03       0.003    0.047288
-0.236     0.95199       0.195     0.60001        0.03       0.003    0.047288
-0.88441    -0.27213    -0.37917     0.59972        0.03       0.003    0.047288
0.46319    -0.30713     0.83134     0.59975        0.03       0.003    0.047288
0.70004    0.066004    -0.71104     0.59996        0.03       0.003    0.047288
-0.20002      0.9281    -0.31404     0.59993        0.03       0.003    0.047288
0.54969      0.7046     0.44875     0.60034        0.03       0.003    0.047288
-0.66972      0.7267     0.15294     0.60025        0.03       0.003    0.047288
0.23701     0.72202    -0.65002     0.59999        0.03       0.003    0.047288
0.96038      0.2601    -0.10004     0.59976        0.03       0.003    0.047288
0.40714    -0.75625    -0.51217      0.5998        0.03       0.003    0.047288
-0.35512    -0.18006    -0.91731     0.59979        0.03       0.003    0.047288
-0.80878     0.32391    -0.49087     0.60016        0.03       0.003    0.047288
-0.28097     -0.9549     0.09599     0.60006        0.03       0.003    0.047288
0.59207     0.48305    -0.64507     0.59993        0.03       0.003    0.047288
0.38195     0.59293     0.70891     0.60008        0.03       0.003    0.047288
0.23707    -0.50614    -0.82923     0.59983        0.03       0.003    0.047288
-0.71083     0.62485    -0.32292     0.60014        0.03       0.003    0.047288
-0.14603     0.51909    -0.84215     0.59989        0.03       0.003    0.047288
0.92692    -0.24298    -0.28597     0.60005        0.03       0.003    0.047288
-0.80938    -0.58727   -0.004002     0.59972        0.03       0.003    0.047288
-0.97602       0.142      -0.165     0.59999        0.03       0.003    0.047288
-0.13501    -0.87009    -0.47405     0.59994        0.03       0.003    0.047288
0.27414   -0.048024    -0.96049     0.59969        0.03       0.003    0.047288
0.51781    -0.85469    0.036987     0.60022        0.03       0.003    0.047288
-0.48211    -0.76718      0.4231     0.59986        0.03       0.003    0.047288
0.75014   -0.039007     0.66012     0.59989        0.03       0.003    0.047288
0.14294   -0.047979     0.98857     0.60026        0.03       0.003    0.047288
0.63202    -0.43401    -0.64202     0.59998        0.03       0.003    0.047288
0.79879     0.42889    -0.42189     0.60016        0.03       0.003    0.047288
0.48012    -0.63216     0.60816     0.59985        0.03       0.003    0.047288
-0.54697    -0.79896    -0.24999     0.60003        0.03       0.003    0.047288
-0.61608    -0.31004     -0.7241     0.59992        0.03       0.003    0.047288
-0.028012    -0.96242     0.27012     0.59974        0.03       0.003    0.047288
-0.3241    -0.50615     0.79924     0.59982        0.03       0.003    0.047288
0.26802    -0.87506    -0.40303     0.59996        0.03       0.003    0.047288
0.8433    0.059021    -0.53419     0.59979        0.03       0.003    0.047288
-0.88583     0.46191   -0.043992     0.60011        0.03       0.003    0.047288
0.187       0.489       0.852         0.6        0.03       0.003    0.047288
0.184    -0.74601     0.64001     0.59999        0.03       0.003    0.047288
0.79257     0.44975     0.41178     0.60033        0.03       0.003    0.047288
0.47513    -0.24807    -0.84423     0.59984        0.03       0.003    0.047288
0.66167     0.72764    -0.18091      0.6003        0.03       0.003    0.047288
0.94278    0.082981     0.32293     0.60014        0.03       0.003    0.047288
-0.045016     0.72026     0.69225     0.59979        0.03       0.003    0.047288
-0.55494    -0.18998     0.80991     0.60007        0.03       0.003    0.047288
0.38593    -0.86783     0.31294     0.60012        0.03       0.003    0.047288
-0.54689     0.12497    -0.82783     0.60013        0.03       0.003    0.047288
0.71902    -0.62102    -0.31201     0.59998        0.03       0.003    0.047288
0.060005    -0.99108    -0.11901     0.59995        0.03       0.003    0.047288
0.060976    -0.28489    -0.95662     0.60024        0.03       0.003    0.047288
-0.99843    0.032014     0.04602     0.59974        0.03       0.003    0.047288
-0.045984    -0.31589     0.94768      0.6002        0.03       0.003    0.047288
0.31488     0.89467     0.31688     0.60022        0.03       0.003    0.047288
0.5691    -0.43607     0.69712      0.5999        0.03       0.003    0.047288
-0.4889    -0.87182    0.029994     0.60012        0.03       0.003    0.047288
0.44998    -0.62897    -0.63397     0.60003        0.03       0.003    0.047288
-0.16389    -0.82644     0.53864      0.6004        0.03       0.003    0.047288
-0.91507    -0.40303    0.015001     0.59996        0.03       0.003    0.047288
0.92514   -0.021003    -0.37906     0.59991        0.03       0.003    0.047288
0.52724     0.59126     0.61027     0.59973        0.03       0.003    0.047288
-0.29592     0.31791    -0.90076     0.60016        0.03       0.003    0.047288
0.64802    -0.75902    0.063001     0.59999        0.03       0.003    0.047288
0.36108     0.15704    -0.91922     0.59986        0.03       0.003    0.047288
0.83182    -0.13297     0.53888     0.60013        0.03       0.003    0.047288
-0.15099     0.98194    -0.11399     0.60004        0.03       0.003    0.047288
-0.75588     0.26896     0.59691     0.60009        0.03       0.003    0.047288
0.61991     0.58592    -0.52193     0.60008        0.03       0.003    0.047288
-0.175      -0.122    -0.97698     0.60001        0.03       0.003    0.047288
0.55818    -0.70523     0.43714     0.59981        0.03       0.003    0.047288
0.53775    -0.75864    -0.36783     0.60028        0.03       0.003    0.047288
-0.75993    -0.32497    -0.56295     0.60006        0.03       0.003    0.047288
0.039995    -0.83491    -0.54894     0.60007        0.03       0.003    0.047288
0.91001       0.318      -0.266     0.59999        0.03       0.003    0.047288
-0.15202    -0.61707     0.77209     0.59993        0.03       0.003    0.047288
0.94138    -0.30913     0.13506     0.59976        0.03       0.003    0.047288
0.2149     0.97555    0.045979     0.60028        0.03       0.003    0.047288
-0.60797    0.068996     0.79096     0.60003        0.03       0.003    0.047288
0.49992     0.23396     0.83387     0.60009        0.03       0.003    0.047288
-0.8138    -0.55387    -0.17596     0.60015        0.03       0.003    0.047288
-0.19297     0.85186    -0.48692      0.6001        0.03       0.003    0.047288
-0.86378      0.4019     0.30392     0.60015        0.03       0.003    0.047288
-0.12306      0.4172     0.90044     0.59971        0.03       0.003    0.047288
0.78983     -0.4799     0.38192     0.60013        0.03       0.003    0.047288
0.572       0.358      -0.738         0.6        0.03       0.003    0.047288
-0.3871     0.91723    0.094024     0.59985        0.03       0.003    0.047288
0.31502     0.91306    -0.25902     0.59996        0.03       0.003    0.047288
0.95416     0.23204     0.18903      0.5999        0.03       0.003    0.047288
-0.016003    -0.13902     0.99016      0.5999        0.03       0.003    0.047288
-0.3059    -0.70776    -0.63679      0.6002        0.03       0.003    0.047288
-0.23389      0.6287    -0.74164     0.60029        0.03       0.003    0.047288
-0.26991     0.63279     0.72576      0.6002        0.03       0.003    0.047288
0.76375      0.6058    -0.22293      0.6002        0.03       0.003    0.047288
-0.79159     0.60668    0.072962     0.60031        0.03       0.003    0.047288
0.87094    0.057996     0.48796     0.60005        0.03       0.003    0.047288
0.34598     0.78495    -0.51397     0.60004        0.03       0.003    0.047288
0.44406      0.8151     0.37205     0.59992        0.03       0.003    0.047288
-0.81286    -0.21096     0.54291      0.6001        0.03       0.003    0.047288
-0.274    -0.35701    -0.89301     0.59999        0.03       0.003    0.047288
-0.25304    -0.35706     0.89915      0.5999        0.03       0.003    0.047288
0.70301    -0.38801     0.59601     0.59999        0.03       0.003    0.047288
0.39212    -0.38111    -0.83725     0.59982        0.03       0.003    0.047288
-0.034     0.96501        0.26     0.59999        0.03       0.003    0.047288
0.97273    -0.16795    -0.15996     0.60017        0.03       0.003    0.047288
0.67312     0.59211     0.44308     0.59989        0.03       0.003    0.047288
-0.27794     0.16796     -0.9458     0.60013        0.03       0.003    0.047288
0.4301     -0.8872     0.16704     0.59987        0.03       0.003    0.047288
-0.75687    0.085985     0.64789      0.6001        0.03       0.003    0.047288
-0.66775    -0.72473    -0.16994     0.60023        0.03       0.003    0.047288
-0.69164    -0.12893    -0.71064     0.60031        0.03       0.003    0.047288
0.14396     0.97271    -0.18195     0.60018        0.03       0.003    0.047288
0.81526    -0.54417     0.19806     0.59981        0.03       0.003    0.047288
0.15901    -0.15501    -0.97503     0.59998        0.03       0.003    0.047288
-0.98904    -0.12601    0.077003     0.59998        0.03       0.003    0.047288
0.098015     0.61409     0.78312     0.59991        0.03       0.003    0.047288
-0.009996    -0.78472     0.61977     0.60022        0.03       0.003    0.047288
-0.69734     0.49824     0.51525     0.59971        0.03       0.003    0.047288
0.45182     0.52578     -0.7207     0.60025        0.03       0.003    0.047288
0.3928    -0.84757    -0.35682      0.6003        0.03       0.003    0.047288
-0.91447     0.23812    -0.32717     0.59969        0.03       0.003    0.047288
0.57685      0.7598    -0.29992     0.60016        0.03       0.003    0.047288
-0.47206   -0.028004    -0.88112     0.59992        0.03       0.003    0.047288
0.04298    -0.45079     0.89159     0.60027        0.03       0.003    0.047288
0.16496     0.92477     0.34291     0.60015        0.03       0.003    0.047288
0.52293     0.45794     0.71891     0.60008        0.03       0.003    0.047288
0.35609    -0.67118     0.65017     0.59984        0.03       0.003    0.047288
-0.72278    -0.43887     0.53384     0.60018        0.03       0.003    0.047288
0.56299    -0.81898      -0.111     0.60001        0.03       0.003    0.047288
-0.394       0.136     0.90899         0.6        0.03       0.003    0.047288
0.95376     0.14196    -0.26493     0.60015        0.03       0.003    0.047288
-0.57998     0.26599    -0.76998     0.60002        0.03       0.003    0.047288
0.91619    -0.37908    -0.13003     0.59988        0.03       0.003    0.047288
0.20192    -0.97859   -0.039983     0.60025        0.03       0.003    0.047288
0.86658      0.4048     0.29186     0.60029        0.03       0.003    0.047288
0.56012    -0.37008    -0.74116     0.59987        0.03       0.003    0.047288
-0.54018    -0.83628   -0.094031      0.5998        0.03       0.003    0.047288
-0.062032     0.92847    -0.36619     0.59969        0.03       0.003    0.047288
0.060991     0.40594     0.91186     0.60009        0.03       0.003    0.047288
0.19406    -0.83728    -0.51117      0.5998        0.03       0.003    0.047288
-0.97055     0.02199    -0.23989     0.60028        0.03       0.003    0.047288
0.28906    -0.44008     0.85016     0.59989        0.03       0.003    0.047288
-0.665      -0.202       0.719         0.6        0.03       0.003    0.047288
0.6619    -0.71689     0.21897     0.60009        0.03       0.003    0.047288
0.86553    -0.25886    -0.42877     0.60032        0.03       0.003    0.047288
