0.000000
0.000000
0.000000
278.393614
278.347140
278.318197
278.147884
278.566154
278.312632
278.477101
278.139814
278.218848
277.938610
278.254747
278.363837
278.539716
278.261705
0.000000
0.000000
0.000000
772.168422
772.181563
773.291630
774.073161
772.695626
773.420726
772.436662
773.191910
772.827041
773.981171
773.068226
772.382550
773.402173
772.737370
773.364295
773.270759
773.541318
773.786368
773.777092
773.087551
773.012568
772.329212
773.218966
772.574261
772.950725
773.276943
773.358111
773.779411
773.705973
772.850232
773.281581
773.097601
773.041943
773.464789
772.929854
772.146777
772.823176
773.018752
772.675528
772.188521
773.798736
773.208917
773.120018
772.793801
772.496958
773.406812
773.394443
773.476384
772.545659
773.399081
773.720661
772.872650
773.235199
772.912074
773.190364
0.000000
0.000000
0.000000
1980.621986
1978.179962
1979.968932
1978.575752
1980.608133
1976.903539
1979.112047
1978.197772
1977.479414
1979.705732
1980.408259
1980.265775
1977.790109
1979.951122
1980.194533
1980.536891
1980.426070
1979.088300
1976.428591
1979.129858
1976.996550
1977.402234
1978.207667
1979.604806
1979.547416
1978.829057
1977.532845
1978.898321
1978.749899
1978.458994
1981.552092
1979.444511
1978.136425
1979.664174
1978.858742
1977.257771
1979.387121
1979.076426
1977.558572
1979.812595
1977.663456
1976.998529
1980.172764
1977.121224
1978.257141
1978.265057
1978.856763
1979.917480
1977.841561
1978.286825
1979.662195
1980.584386
1980.402322
1980.156933
1980.186617
1979.133816
1979.418784
1980.099543
1980.382533
1980.028301
1978.892384
1977.679287
1978.811247
1978.743962
1977.851456
1980.329101
1977.289434
1977.265687
1979.157563
1978.555962
1980.038196
1979.207037
1979.333689
1978.433267
1980.079754
1978.510446
1979.238700
1979.996638
1980.269733
1979.737395
1980.358785
1977.164760
1978.120593
1977.875203
1979.260468
1979.395037
1979.209016
1977.170697
1979.990701
1978.081014
1977.418066
1980.000596
1979.998617
1980.560638
1979.980806
1980.236091
1979.040805
1978.280888
1977.416087
1979.141731
1977.671372
1978.360046
1979.490026
1978.369941
1977.520971
1978.142362
1978.239330
1979.604806
1978.162151
1977.912804
1980.123290
1979.577100
1981.247334
1981.510534
1978.904257
1977.988004
1979.034868
1979.763122
1978.613352
1979.331711
1976.949055
1977.784172
1979.377226
