0.000000   0.000000   0.000000
0.000000   0.000000   0.000000
0.000000   0.000000   0.000000
-0.166000   -0.936000   -0.311000
0.966000   -0.255000   0.045000
0.038000   0.267000   -0.963000
-0.807000   -0.520000   0.279000
-0.522000   0.610000   0.597000
0.637000   0.067000   0.768000
-0.218000   0.870000   -0.443000
-0.656000   -0.046000   0.753000
-0.615000   -0.616000   -0.492000
-0.607000   0.792000   -0.055000
-0.028000   -0.441000   -0.897000
0.359000   0.803000   -0.476000
-0.568000   0.445000   -0.693000
0.947000   0.223000   0.231000
0.000000   0.000000   0.000000
0.000000   0.000000   0.000000
0.000000   0.000000   0.000000
-0.371000   -0.008000   -0.928000
0.928000   -0.009000   -0.371000
-0.015000   0.999000   -0.046000
0.740000   0.597000   0.312000
0.389000   -0.555000   -0.735000
0.190000   0.628000   -0.755000
-0.782000   0.584000   -0.216000
-0.234000   -0.696000   -0.679000
0.704000   0.571000   -0.422000
0.873000   -0.088000   0.481000
0.356000   0.031000   -0.934000
-0.351000   0.758000   -0.549000
0.510000   -0.816000   -0.273000
-0.480000   -0.876000   0.043000
-0.984000   -0.166000   -0.068000
-0.009000   -0.297000   -0.955000
0.816000   -0.453000   -0.360000
0.335000   -0.426000   0.841000
0.011000   -0.920000   -0.393000
0.663000   0.222000   -0.715000
-0.674000   -0.269000   -0.688000
-0.168000   -0.888000   0.427000
0.476000   -0.866000   0.154000
0.658000   -0.235000   -0.715000
0.684000   -0.381000   0.622000
0.839000   0.541000   -0.061000
0.002000   0.190000   -0.982000
0.403000   0.842000   0.360000
0.965000   -0.263000   -0.022000
0.361000   0.419000   0.833000
0.467000   0.508000   -0.724000
-0.231000   0.779000   0.583000
0.887000   0.255000   0.385000
0.146000   -0.919000   0.367000
-0.753000   0.649000   0.108000
0.888000   0.301000   -0.346000
0.310000   -0.306000   -0.900000
0.108000   -0.610000   0.785000
-0.473000   -0.810000   0.346000
0.637000   -0.089000   0.765000
-0.253000   0.955000   0.158000
0.555000   0.607000   0.569000
0.900000   -0.322000   0.294000
0.636000   -0.521000   -0.569000
-0.276000   -0.317000   0.907000
0.239000   0.967000   0.091000
0.023000   -0.585000   -0.811000
0.614000   -0.644000   0.457000
0.797000   -0.042000   -0.602000
-0.684000   -0.727000   -0.064000
0.112000   0.048000   0.993000
-0.994000   -0.010000   0.108000
0.013000   -0.806000   0.592000
-0.899000   -0.403000   -0.171000
0.453000   -0.239000   0.859000
0.000000   0.000000   0.000000
0.000000   0.000000   0.000000
0.000000   0.000000   0.000000
0.652000   -0.715000   -0.254000
0.659000   0.699000   -0.277000
0.427000   0.205000   0.881000
0.235000   -0.705000   0.669000
-0.565000   0.077000   0.822000
-0.971000   -0.037000   -0.234000
0.147000   0.872000   0.467000
-0.232000   -0.414000   0.880000
-0.765000   0.536000   -0.356000
-0.105000   -0.986000   0.131000
0.149000   -0.506000   -0.850000
-0.935000   -0.142000   0.326000
-0.702000   -0.549000   -0.453000
-0.520000   0.275000   -0.809000
-0.372000   0.927000   -0.054000
0.829000   -0.325000   -0.456000
-0.331000   -0.751000   0.572000
0.025000   -0.038000   -0.999000
-0.546000   -0.821000   -0.163000
0.319000   -0.781000   -0.537000
0.798000   0.047000   0.600000
0.687000   0.343000   -0.640000
-0.930000   0.367000   0.006000
0.323000   0.589000   0.741000
0.895000   0.446000   0.019000
0.439000   -0.803000   0.403000
-0.150000   0.340000   -0.928000
-0.538000   0.459000   0.707000
-0.081000   0.977000   0.197000
-0.026000   -0.880000   0.474000
-0.821000   0.265000   -0.507000
-0.369000   -0.133000   0.920000
0.993000   -0.048000   -0.106000
-0.431000   -0.890000   0.150000
0.132000   0.351000   0.927000
0.699000   -0.712000   0.060000
-0.659000   -0.346000   -0.668000
-0.800000   -0.008000   0.600000
0.436000   0.776000   0.455000
0.516000   -0.544000   0.662000
-0.818000   -0.455000   0.351000
-0.054000   0.737000   0.673000
-0.069000   -0.636000   0.769000
0.894000   0.324000   0.308000
0.399000   -0.880000   -0.257000
0.298000   -0.235000   -0.925000
-0.321000   0.076000   -0.944000
0.510000   0.558000   -0.655000
0.840000   -0.488000   -0.236000
0.250000   0.957000   0.146000
0.186000   -0.942000   0.280000
0.749000   0.660000   0.065000
0.935000   -0.253000   0.250000
0.611000   -0.600000   -0.517000
0.616000   -0.015000   0.788000
0.099000   0.204000   -0.974000
-0.974000   -0.219000   0.060000
0.292000   0.886000   -0.361000
-0.708000   0.242000   0.664000
-0.620000   0.727000   -0.296000
-0.107000   -0.589000   -0.801000
0.283000   -0.513000   0.810000
0.529000   0.283000   -0.800000
0.534000   0.566000   0.628000
0.129000   -0.898000   -0.420000
-0.936000   0.149000   0.320000
0.842000   0.226000   0.489000
-0.574000   -0.672000   0.467000
0.138000   -0.990000   0.031000
0.690000   -0.426000   0.585000
0.335000   -0.590000   -0.735000
0.195000   0.124000   0.973000
0.683000   0.676000   0.277000
-0.837000   0.539000   -0.093000
-0.831000   -0.247000   0.499000
0.029000   -0.771000   0.636000
0.545000   -0.836000   -0.065000
0.102000   -0.269000   -0.958000
0.617000   0.783000   -0.083000
-0.907000   0.055000   -0.418000
-0.306000   -0.574000   0.760000
-0.240000   -0.757000   -0.607000
-0.491000   0.282000   0.824000
-0.258000   0.837000   -0.482000
0.468000   0.382000   0.797000
-0.897000   -0.404000   0.180000
0.689000   -0.199000   0.697000
-0.502000   0.756000   0.419000
-0.330000   -0.895000   -0.301000
-0.988000   0.139000   -0.064000
0.001000   -0.459000   0.888000
-0.663000   -0.109000   0.741000
0.272000   0.961000   -0.055000
-0.753000   0.509000   0.418000
-0.344000   0.272000   -0.899000
-0.841000   -0.488000   -0.235000
-0.254000   0.021000   0.967000
-0.566000   0.659000   -0.495000
0.030000   0.954000   -0.297000
-0.937000   0.292000   0.192000
0.635000   0.175000   0.752000
0.699000   0.510000   -0.501000
0.063000   0.952000   0.300000
0.483000   -0.853000   0.197000
0.965000   0.222000   0.137000
-0.114000   0.120000   -0.986000
0.214000   -0.702000   -0.679000
0.865000   -0.105000   -0.491000
0.456000   0.805000   -0.379000
0.280000   0.426000   0.860000
0.866000   -0.419000   0.274000
-0.284000   0.950000   0.131000
0.402000   0.386000   -0.831000
0.785000   0.605000   -0.138000
0.336000   -0.416000   -0.845000
0.783000   -0.612000   -0.109000
-0.569000   -0.681000   -0.461000
0.159000   0.771000   -0.617000
0.445000   -0.438000   0.781000
0.768000   0.385000   0.512000
-0.684000   0.418000   0.597000
-0.461000   -0.011000   -0.887000
-0.066000   -0.996000   -0.062000
