#B-vector scheme. Contains gradient directions and b-values
#g_x  g_y  g_z  |G| DELTA delta TE
VERSION: STEJSKALTANNER
0.000000   0.000000   0.000000   0.000000   0.030800   0.012800   0.063600
0.000000   0.000000   0.000000   0.000000   0.030800   0.012800   0.063600
0.652764   -0.654972   0.380672   0.080000   0.030800   0.012800   0.063600
-0.373395   0.168760   0.912193   0.056569   0.030800   0.012800   0.063600
0.659490   0.739376   0.135632   0.080000   0.030800   0.012800   0.063600
0.425095   0.034660   -0.904485   0.080000   0.030800   0.012800   0.063600
0.930651   0.061648   0.360677   0.056569   0.030800   0.012800   0.063600
0.234582   -0.816863   -0.526979   0.080000   0.030800   0.012800   0.063600
-0.562860   -0.079658   -0.822705   0.080000   0.030800   0.012800   0.063600
-0.165590   -0.864670   0.474263   0.030984   0.030800   0.012800   0.063600
-0.972557   0.007898   0.232530   0.080000   0.030800   0.012800   0.063600
-0.015014   0.988630   -0.149619   0.056569   0.030800   0.012800   0.063600
0.146337   0.765813   -0.626191   0.080000   0.030800   0.012800   0.063600
-0.231278   -0.571072   -0.787647   0.080000   0.030800   0.012800   0.063600
0.737717   0.525351   -0.424004   0.056569   0.030800   0.012800   0.063600
-0.766125   0.594552   0.244051   0.080000   0.030800   0.012800   0.063600
-0.105147   -0.993013   0.053570   0.080000   0.030800   0.012800   0.063600
0.000000   0.000000   0.000000   0.000000   0.030800   0.012800   0.063600
0.390904   -0.407887   0.825120   0.056569   0.030800   0.012800   0.063600
0.149563   -0.337245   0.929461   0.080000   0.030800   0.012800   0.063600
-0.933437   -0.200920   -0.297199   0.080000   0.030800   0.012800   0.063600
0.190336   0.762183   0.618748   0.056569   0.030800   0.012800   0.063600
-0.703918   -0.454745   0.545624   0.080000   0.030800   0.012800   0.063600
-0.521656   0.424087   0.740287   0.080000   0.030800   0.012800   0.063600
0.966199   -0.257716   -0.006467   0.030984   0.030800   0.012800   0.063600
-0.371401   0.919802   -0.126594   0.080000   0.030800   0.012800   0.063600
-0.782791   0.614872   0.095762   0.056569   0.030800   0.012800   0.063600
0.830548   -0.233285   0.505736   0.080000   0.030800   0.012800   0.063600
-0.330201   -0.843671   -0.423304   0.080000   0.030800   0.012800   0.063600
-0.234845   -0.557794   0.796061   0.056569   0.030800   0.012800   0.063600
0.025277   0.152161   0.988033   0.080000   0.030800   0.012800   0.063600
-0.546862   -0.777088   0.311571   0.080000   0.030800   0.012800   0.063600
0.705274   0.641912   0.300897   0.056569   0.030800   0.012800   0.063600
0.000000   0.000000   0.000000   0.000000   0.030800   0.012800   0.063600
0.319752   -0.667401   0.672558   0.080000   0.030800   0.012800   0.063600
0.796235   -0.067181   -0.601246   0.080000   0.030800   0.012800   0.063600
0.869874   -0.176954   -0.460441   0.056569   0.030800   0.012800   0.063600
0.688981   0.459292   0.560675   0.080000   0.030800   0.012800   0.063600
-0.929938   0.358990   -0.079634   0.080000   0.030800   0.012800   0.063600
0.038717   0.449227   0.892578   0.030984   0.030800   0.012800   0.063600
0.321821   0.436521   -0.840167   0.080000   0.030800   0.012800   0.063600
0.358167   0.208223   0.910143   0.056569   0.030800   0.012800   0.063600
0.894404   0.434145   -0.107517   0.080000   0.030800   0.012800   0.063600
0.438397   -0.863803   -0.248299   0.080000   0.030800   0.012800   0.063600
-0.351638   0.850817   0.390463   0.056569   0.030800   0.012800   0.063600
-0.150716   0.511489   0.845969   0.080000   0.030800   0.012800   0.063600
-0.536093   0.315809   -0.782860   0.080000   0.030800   0.012800   0.063600
0.511374   -0.751405   0.416998   0.056569   0.030800   0.012800   0.063600
-0.080806   0.920667   -0.381894   0.080000   0.030800   0.012800   0.063600
0.000000   0.000000   0.000000   0.000000   0.030800   0.012800   0.063600
-0.026150   -0.952611   -0.303066   0.080000   0.030800   0.012800   0.063600
-0.480364   -0.869235   0.116963   0.056569   0.030800   0.012800   0.063600
-0.822018   0.356645   0.443949   0.080000   0.030800   0.012800   0.063600
-0.367356   -0.303288   -0.879242   0.080000   0.030800   0.012800   0.063600
-0.805899   -0.561910   -0.186504   0.030984   0.030800   0.012800   0.063600
0.993663   -0.027294   0.109040   0.080000   0.030800   0.012800   0.063600
-0.984360   -0.150160   0.092125   0.056569   0.030800   0.012800   0.063600
-0.430861   -0.902267   0.016538   0.080000   0.030800   0.012800   0.063600
0.131641   0.168715   -0.976835   0.080000   0.030800   0.012800   0.063600
-0.009616   -0.111399   0.993729   0.056569   0.030800   0.012800   0.063600
0.699587   -0.710968   0.071431   0.080000   0.030800   0.012800   0.063600
-0.660852   -0.214047   0.719345   0.080000   0.030800   0.012800   0.063600
0.817937   -0.377788   0.433883   0.056569   0.030800   0.012800   0.063600
-0.797750   -0.120959   -0.590731   0.080000   0.030800   0.012800   0.063600
0.435156   0.674249   -0.596680   0.080000   0.030800   0.012800   0.063600
0.000000   0.000000   0.000000   0.000000   0.030800   0.012800   0.063600
0.332984   -0.574127   -0.747997   0.056569   0.030800   0.012800   0.063600
0.514725   -0.657536   -0.550186   0.080000   0.030800   0.012800   0.063600
-0.817289   -0.512741   -0.262937   0.080000   0.030800   0.012800   0.063600
-0.517671   0.481819   -0.707013   0.030984   0.030800   0.012800   0.063600
-0.053990   0.594639   -0.802178   0.080000   0.030800   0.012800   0.063600
0.010847   -0.831450   0.555494   0.056569   0.030800   0.012800   0.063600
-0.069097   -0.767483   -0.637335   0.080000   0.030800   0.012800   0.063600
0.892866   0.259656   -0.367926   0.080000   0.030800   0.012800   0.063600
0.665625   0.354888   0.656505   0.056569   0.030800   0.012800   0.063600
0.399821   -0.817134   0.415252   0.080000   0.030800   0.012800   0.063600
0.299197   -0.056262   0.952531   0.080000   0.030800   0.012800   0.063600
-0.677370   -0.134405   0.723260   0.056569   0.030800   0.012800   0.063600
-0.322097   0.254048   0.911983   0.080000   0.030800   0.012800   0.063600
0.511162   0.673099   0.534463   0.080000   0.030800   0.012800   0.063600
-0.168104   -0.951515   -0.257604   0.056569   0.030800   0.012800   0.063600
0.000000   0.000000   0.000000   0.000000   0.030800   0.012800   0.063600
0.841460   -0.435219   0.320204   0.080000   0.030800   0.012800   0.063600
0.249618   0.910914   -0.328521   0.080000   0.030800   0.012800   0.063600
0.632029   -0.079627   -0.770843   0.030984   0.030800   0.012800   0.063600
0.186119   -0.977313   -0.101089   0.080000   0.030800   0.012800   0.063600
0.475812   -0.879523   0.006537   0.056569   0.030800   0.012800   0.063600
0.748148   0.634834   -0.193029   0.080000   0.030800   0.012800   0.063600
0.933829   -0.295371   -0.201790   0.080000   0.030800   0.012800   0.063600
0.660973   -0.096586   0.744168   0.056569   0.030800   0.012800   0.063600
0.612474   -0.492483   0.618334   0.080000   0.030800   0.012800   0.063600
0.613737   -0.162835   -0.772536   0.080000   0.030800   0.012800   0.063600
0.681728   -0.489862   -0.543399   0.056569   0.030800   0.012800   0.063600
0.099589   0.386196   0.917025   0.080000   0.030800   0.012800   0.063600
-0.973852   -0.226127   -0.021869   0.080000   0.030800   0.012800   0.063600
0.838571   0.542633   -0.048454   0.056569   0.030800   0.012800   0.063600
0.291992   0.938810   0.182693   0.080000   0.030800   0.012800   0.063600
0.000000   0.000000   0.000000   0.000000   0.030800   0.012800   0.063600
-0.705571   0.111572   -0.699801   0.080000   0.030800   0.012800   0.063600
-0.218080   0.940647   0.260046   0.030984   0.030800   0.012800   0.063600
-0.620265   0.770143   0.148833   0.080000   0.030800   0.012800   0.063600
0.001988   0.374172   0.927357   0.056569   0.030800   0.012800   0.063600
-0.107401   -0.428584   0.897096   0.080000   0.030800   0.012800   0.063600
0.282185   -0.655095   -0.700872   0.080000   0.030800   0.012800   0.063600
0.401234   0.756162   -0.516943   0.056569   0.030800   0.012800   0.063600
0.530722   0.430506   0.730068   0.080000   0.030800   0.012800   0.063600
0.532324   0.435786   -0.725756   0.080000   0.030800   0.012800   0.063600
0.965096   -0.253778   0.064701   0.056569   0.030800   0.012800   0.063600
0.000000   0.000000   0.000000   0.000000   0.030800   0.012800   0.063600
